3
0 1 2 8.1 0.1 0.1
0 2 2 5.1 8.3 0.1
1 2 2 2.1 0.1 0.1
32 32
0.1 0.8 0.5 0.1 0.1 0.5 0.8 0.1 0.1 0.8 0.5 0.1 0.1 0.5 0.8 0.1 0.1 0.8 0.5 0.1 0.1 0.5 0.8 0.1 0.1 0.8 0.5 0.1 0.1 0.5 0.8 0.1
0.1 0.1 0.5 0.1 0.1 0.5 0.1 0.1 0.1 0.1 0.5 0.1 0.1 0.5 0.1 0.1 0.1 0.1 0.5 0.1 0.1 0.5 0.1 0.1 0.1 0.1 0.5 0.1 0.1 0.5 0.1 0.1
0.1 0.1 0.5 0.1 0.1 0.5 0.1 0.1 0.1 0.1 0.5 0.1 0.1 0.5 0.1 0.1 0.1 0.1 0.5 0.1 0.1 0.5 0.1 0.1 0.1 0.1 0.5 0.1 0.1 0.5 0.1 0.1
0.1 0.1 0.5 0.1 0.1 0.5 0.1 0.1 0.1 0.1 0.5 0.1 0.1 0.5 0.1 0.1 0.1 0.1 0.5 0.1 0.1 0.5 0.1 0.1 0.1 0.1 0.5 0.1 0.1 0.5 0.1 0.1
0.1 0.1 0.5 0.1 0.1 0.5 0.1 0.1 0.1 0.1 0.5 0.1 0.1 0.5 0.1 0.1 0.1 0.1 0.5 0.1 0.1 0.5 0.1 0.1 0.1 0.1 0.5 0.1 0.1 0.5 0.1 0.1
0.1 0.1 0.5 0.1 0.1 0.5 0.1 0.1 0.1 0.1 0.5 0.1 0.1 0.5 0.1 0.1 0.1 0.1 0.5 0.1 0.1 0.5 0.1 0.1 0.1 0.1 0.5 0.1 0.1 0.5 0.1 0.1
0.1 0.9 0.9 0.1 0.1 0.9 0.9 0.1 0.1 0.9 0.9 0.1 0.1 0.9 0.9 0.1 0.1 0.9 0.9 0.1 0.1 0.9 0.9 0.1 0.1 0.9 0.9 0.1 0.1 0.9 0.9 0.1
0.1 0.9 0.9 0.1 0.1 0.9 0.9 0.1 0.1 0.9 0.9 0.1 0.1 0.9 0.9 0.1 0.1 0.9 0.9 0.1 0.1 0.9 0.9 0.1 0.1 0.9 0.9 0.1 0.1 0.9 0.9 0.1
0.1 0.9 0.9 0.1 0.1 0.9 0.9 0.1 0.1 0.9 0.9 0.1 0.1 0.9 0.9 0.1 0.1 0.9 0.9 0.1 0.1 0.9 0.9 0.1 0.1 0.9 0.9 0.1 0.1 0.9 0.9 0.1
0.1 0.9 0.9 0.1 0.1 0.9 0.9 0.1 0.1 0.9 0.9 0.1 0.1 0.9 0.9 0.1 0.1 0.9 0.9 0.1 0.1 0.9 0.9 0.1 0.1 0.9 0.9 0.1 0.1 0.9 0.9 0.1
0.1 0.1 0.5 0.1 0.1 0.5 0.1 0.1 0.1 0.1 0.5 0.1 0.1 0.5 0.1 0.1 0.1 0.1 0.5 0.1 0.1 0.5 0.1 0.1 0.1 0.1 0.5 0.1 0.1 0.5 0.1 0.1
0.1 0.1 0.5 0.1 0.1 0.5 0.1 0.1 0.1 0.1 0.5 0.1 0.1 0.5 0.1 0.1 0.1 0.1 0.5 0.1 0.1 0.5 0.1 0.1 0.1 0.1 0.5 0.1 0.1 0.5 0.1 0.1
0.1 0.1 0.5 0.1 0.1 0.5 0.1 0.1 0.1 0.1 0.5 0.1 0.1 0.5 0.1 0.1 0.1 0.1 0.5 0.1 0.1 0.5 0.1 0.1 0.1 0.1 0.5 0.1 0.1 0.5 0.1 0.1
0.1 0.1 0.5 0.1 0.1 0.5 0.1 0.1 0.1 0.1 0.5 0.1 0.1 0.5 0.1 0.1 0.1 0.1 0.5 0.1 0.1 0.5 0.1 0.1 0.1 0.1 0.5 0.1 0.1 0.5 0.1 0.1
0.1 0.1 0.5 0.1 0.1 0.5 0.1 0.1 0.1 0.1 0.5 0.1 0.1 0.5 0.1 0.1 0.1 0.1 0.5 0.1 0.1 0.5 0.1 0.1 0.1 0.1 0.5 0.1 0.1 0.5 0.1 0.1
0.1 0.8 0.5 0.1 0.1 0.5 0.8 0.1 0.1 0.8 0.5 0.1 0.1 0.5 0.8 0.1 0.1 0.8 0.5 0.1 0.1 0.5 0.8 0.1 0.1 0.8 0.5 0.1 0.1 0.5 0.8 0.1
0.1 0.8 0.5 0.1 0.1 0.5 0.8 0.1 0.1 0.8 0.5 0.1 0.1 0.5 0.8 0.1 0.1 0.8 0.5 0.1 0.1 0.5 0.8 0.1 0.1 0.8 0.5 0.1 0.1 0.5 0.8 0.1
0.1 0.1 0.5 0.1 0.1 0.5 0.1 0.1 0.1 0.1 0.5 0.1 0.1 0.5 0.1 0.1 0.1 0.1 0.5 0.1 0.1 0.5 0.1 0.1 0.1 0.1 0.5 0.1 0.1 0.5 0.1 0.1
0.1 0.1 0.5 0.1 0.1 0.5 0.1 0.1 0.1 0.1 0.5 0.1 0.1 0.5 0.1 0.1 0.1 0.1 0.5 0.1 0.1 0.5 0.1 0.1 0.1 0.1 0.5 0.1 0.1 0.5 0.1 0.1
0.1 0.1 0.5 0.1 0.1 0.5 0.1 0.1 0.1 0.1 0.5 0.1 0.1 0.5 0.1 0.1 0.1 0.1 0.5 0.1 0.1 0.5 0.1 0.1 0.1 0.1 0.5 0.1 0.1 0.5 0.1 0.1
0.1 0.1 0.5 0.1 0.1 0.5 0.1 0.1 0.1 0.1 0.5 0.1 0.1 0.5 0.1 0.1 0.1 0.1 0.5 0.1 0.1 0.5 0.1 0.1 0.1 0.1 0.5 0.1 0.1 0.5 0.1 0.1
0.1 0.1 0.5 0.1 0.1 0.5 0.1 0.1 0.1 0.1 0.5 0.1 0.1 0.5 0.1 0.1 0.1 0.1 0.5 0.1 0.1 0.5 0.1 0.1 0.1 0.1 0.5 0.1 0.1 0.5 0.1 0.1
0.1 0.9 0.9 0.1 0.1 0.9 0.9 0.1 0.1 0.9 0.9 0.1 0.1 0.9 0.9 0.1 0.1 0.9 0.9 0.1 0.1 0.9 0.9 0.1 0.1 0.9 0.9 0.1 0.1 0.9 0.9 0.1
0.1 0.9 0.9 0.1 0.1 0.9 0.9 0.1 0.1 0.9 0.9 0.1 0.1 0.9 0.9 0.1 0.1 0.9 0.9 0.1 0.1 0.9 0.9 0.1 0.1 0.9 0.9 0.1 0.1 0.9 0.9 0.1
0.1 0.9 0.9 0.1 0.1 0.9 0.9 0.1 0.1 0.9 0.9 0.1 0.1 0.9 0.9 0.1 0.1 0.9 0.9 0.1 0.1 0.9 0.9 0.1 0.1 0.9 0.9 0.1 0.1 0.9 0.9 0.1
0.1 0.9 0.9 0.1 0.1 0.9 0.9 0.1 0.1 0.9 0.9 0.1 0.1 0.9 0.9 0.1 0.1 0.9 0.9 0.1 0.1 0.9 0.9 0.1 0.1 0.9 0.9 0.1 0.1 0.9 0.9 0.1
0.1 0.1 0.5 0.1 0.1 0.5 0.1 0.1 0.1 0.1 0.5 0.1 0.1 0.5 0.1 0.1 0.1 0.1 0.5 0.1 0.1 0.5 0.1 0.1 0.1 0.1 0.5 0.1 0.1 0.5 0.1 0.1
0.1 0.1 0.5 0.1 0.1 0.5 0.1 0.1 0.1 0.1 0.5 0.1 0.1 0.5 0.1 0.1 0.1 0.1 0.5 0.1 0.1 0.5 0.1 0.1 0.1 0.1 0.5 0.1 0.1 0.5 0.1 0.1
0.1 0.1 0.5 0.1 0.1 0.5 0.1 0.1 0.1 0.1 0.5 0.1 0.1 0.5 0.1 0.1 0.1 0.1 0.5 0.1 0.1 0.5 0.1 0.1 0.1 0.1 0.5 0.1 0.1 0.5 0.1 0.1
0.1 0.1 0.5 0.1 0.1 0.5 0.1 0.1 0.1 0.1 0.5 0.1 0.1 0.5 0.1 0.1 0.1 0.1 0.5 0.1 0.1 0.5 0.1 0.1 0.1 0.1 0.5 0.1 0.1 0.5 0.1 0.1
0.1 0.1 0.5 0.1 0.1 0.5 0.1 0.1 0.1 0.1 0.5 0.1 0.1 0.5 0.1 0.1 0.1 0.1 0.5 0.1 0.1 0.5 0.1 0.1 0.1 0.1 0.5 0.1 0.1 0.5 0.1 0.1
0.1 0.8 0.5 0.1 0.1 0.5 0.8 0.1 0.1 0.8 0.5 0.1 0.1 0.5 0.8 0.1 0.1 0.8 0.5 0.1 0.1 0.5 0.8 0.1 0.1 0.8 0.5 0.1 0.1 0.5 0.8 0.1


